Hola hola
df=      0     1      2     3     4     5      6      7     8     9      10    11    ...  1620  1621   1622  1623  1624   1625   1626  1627  1628  1629   1630  1631
0      0.0   0.0    0.0   0.0   0.0   0.0    0.0    0.0   0.0   0.0    0.0   0.0  ...   0.0   0.0    0.0   0.0   0.0    0.0    0.0   0.0   0.0   0.0    0.0   0.0
1      0.0   0.0    0.0   0.0   0.0   0.0    0.0    0.0   0.0   0.0    0.0   0.0  ...   0.0   0.0    0.0   0.0   0.0  255.0  255.0   0.0   0.0   0.0    0.0   0.0
2      0.0   0.0    0.0   0.0   0.0   0.0    0.0    0.0   0.0   0.0    0.0   0.0  ...   0.0   0.0    0.0   0.0   0.0    0.0    0.0   0.0   0.0   0.0    0.0   0.0
3      0.0   0.0    0.0   0.0   0.0   0.0    0.0    0.0   0.0   0.0    0.0   0.0  ...   0.0   0.0    0.0   0.0   0.0    0.0    0.0   0.0   0.0   0.0    0.0   0.0
4      0.0   0.0    0.0   0.0   0.0   0.0    0.0    0.0   0.0   0.0  255.0   0.0  ...   0.0   0.0    0.0   0.0   0.0    0.0    0.0   0.0   0.0   0.0  255.0   0.0
...    ...   ...    ...   ...   ...   ...    ...    ...   ...   ...    ...   ...  ...   ...   ...    ...   ...   ...    ...    ...   ...   ...   ...    ...   ...
1627   0.0   0.0  255.0   0.0   0.0   0.0    0.0    0.0   0.0   0.0    0.0   0.0  ...   0.0   0.0    0.0   0.0   0.0    0.0    0.0   0.0   0.0   0.0    0.0   0.0
1628   0.0   0.0  255.0   0.0   0.0   0.0    0.0    0.0   0.0   0.0    0.0   0.0  ...   0.0   0.0  255.0   0.0   0.0    0.0    0.0   0.0   0.0   0.0    0.0   0.0
1629   0.0   0.0    0.0   0.0   0.0   0.0    0.0    0.0   0.0   0.0    0.0   0.0  ...   0.0   0.0    0.0   0.0   0.0    0.0    0.0   0.0   0.0   0.0    0.0   0.0
1630   0.0   0.0    0.0   0.0   0.0   0.0    0.0    0.0   0.0   0.0    0.0   0.0  ...   0.0   0.0    0.0   0.0   0.0    0.0    0.0   0.0   0.0   0.0    0.0   0.0
1631   0.0   0.0    0.0   0.0   0.0   0.0  255.0  255.0   0.0   0.0    0.0   0.0  ...   0.0   0.0    0.0   0.0   0.0    0.0    0.0   0.0   0.0   0.0    0.0   0.0

[1632 rows x 1632 columns]